0.144186 10
7.109635 1
0.208836 1
0.206009 1
2.606752 1
0.109430 1
0.123300 1
0.610842 1
0.396063 1
0.292149 1
0.430693 1
0.300379 1
0.436522 1
0.752877 1
0.676265 1
0.122352 1
1.660766 1
2.048103 1
0.481514 1
0.121139 1
0.088206 1
0.983316 1
0.580031 1
0.099340 1
0.369855 1
0.333770 1
0.177791 1
0.227557 1
0.136366 1
3.056566 1
0.645785 1
0.221429 1
0.163379 1
0.391376 1
0.105897 1
0.662666 1
0.111356 1
1.272828 1
0.565533 1
0.087163 1
0.142653 1
0.145730 1
0.764934 2
2.511673 29
3.805248 1
0.258154 1
0.331984 1
0.479474 1
0.112021 1
0.767141 1
0.204538 1
0.102337 1
1.050198 1
0.174785 1
0.833226 1
0.378411 1
0.071803 1
0.362366 1
0.176666 1
0.412710 1
1.347047 1
0.495833 1
0.103613 1
0.435702 1
0.163162 1
0.155829 1
0.119254 1
0.740641 1
0.181343 1
0.410817 1
1.238030 3
0.213503 3
0.188850 3
0.291437 1
0.511687 1
0.449654 1
0.659790 1
1.244443 1
0.308837 1
0.513106 1
0.256001 1
0.823954 3
0.530576 1
1.147880 3
0.863317 1
0.712590 1
0.201344 1
0.149551 1
7.932442 11
1.070790 105
0.952480 13
0.003403 8
0.250706 8
0.014918 10
2.855369 1
0.200529 1
0.080170 1
0.197033 1
0.835051 1
0.318119 1
0.284071 1
0.238399 1
0.813652 3
0.013196 154
2.525219 1
0.134005 1
0.220292 1
0.503801 1
0.406335 1
0.259007 1
0.132334 1
1.071791 1
1.416254 21
0.000064 5
0.561273 1
0.351562 1
0.130559 1
0.242350 1
0.189323 1
0.477482 1
0.158371 1
0.178239 1
0.262150 1
0.678217 3
0.005696 29
0.000137 27
1.271411 1
0.233624 1
0.116918 1
0.211462 1
0.191522 1
1.031516 1
0.186514 1
0.367121 1
0.182766 1
0.210364 1
0.240320 1
0.387863 1
0.149922 1
0.088256 1
0.159922 1
0.135250 1
0.383718 3
0.007299 15
0.000128 27
1.547366 1
0.233537 1
0.404006 1
0.448023 1
0.153811 1
0.516968 1
0.173507 1
0.126999 1
0.768603 1
0.238812 1
0.279600 1
0.135343 1
0.226287 1
1.679000 1
0.899710 1
0.302828 1
0.381318 1
0.846199 3
0.150406 305
1.902443 1
0.540244 1
0.190720 1
0.589340 1
0.129502 1
0.588769 1
0.164801 1
0.143334 1
0.634620 1
0.609493 1
0.130795 1
0.135891 1
0.366398 1
0.183227 1
0.516432 1
0.876942 1
0.744775 1
0.157730 1
3.248218 1
1.163717 1
0.327050 1
0.599678 1
0.143524 1
0.284830 1
0.227142 1
0.897964 19
0.306889 1
0.686972 11
1.007293 11
0.923949 4
0.000216 8
0.003440 78
13.959294 8
0.001051 79
0.000205 8
0.000846 80
0.000216 8
0.000746 76
0.000067 5
0.000257 8
0.000784 82
0.000809 8
0.000124 78
0.000051 5
0.000106 8
0.000770 84
0.000158 8
0.000671 85
0.000147 8
0.000713 81
0.000011 5
0.000106 8
0.000715 82
0.000007 5
0.000113 8
0.001917 88
0.000188 8
0.000345 89
0.000222 8
0.000456 98
0.000317 91
0.000086 8
0.000328 92
0.000085 8
0.000304 93
0.000104 8
0.000337 94
0.000107 8
0.000328 95
0.000065 8
0.000343 96
0.000075 8
0.000353 97
0.000109 8
0.000306 98
0.000121 8
0.000299 99
0.000095 8
0.000314 100
0.000081 8
0.001233 101
0.000106 8
0.004206 1018
0.034507 1494
2.658305 12
0.000769 112
1.329455 1
0.302549 1
0.703249 1
0.183673 13
0.107222 5
0.231684 1
0.882351 1
0.271810 1
1.471467 1
0.139618 1
0.200239 1
0.179072 1
0.210656 19
0.560995 1
0.466335 1
0.530849 1
0.753118 3
0.074269 109
0.000143 19
2.493877 1
0.564830 1
0.109375 1
1.758852 8
0.000943 21
0.203205 28
0.184687 22
0.000033 5
0.838623 1
0.278055 1
0.295002 1
0.506356 1
0.280766 1
0.229057 1
0.200878 1
0.193234 1
0.755343 1
3.008796 1
0.265554 1
0.127582 1
0.125291 1
1.033490 1
0.435339 1
1.170388 56
1.115488 8
0.000456 45
0.212744 8
0.000502 46
0.971468 48
1.738016 3
0.042142 443
0.000048 27
3.028504 1
0.239561 1
0.164203 1
0.212923 1
0.874701 3
0.018000 8
0.019903 29
0.938025 1
0.337592 1
0.289044 1
0.178668 1
0.842746 17
0.005257 10
0.999520 1
0.314980 1
0.844419 1
0.145803 1
0.304848 2
0.000082 6
