0.003912 10
1.626600 1
0.228295 1
0.191359 1
0.136379 1
0.304016 1
0.129437 1
0.241778 1
0.864568 1
0.237037 1
0.209190 1
0.115379 1
0.400716 1
0.143615 1
0.239290 1
1.191045 4
0.190910 4
0.191689 4
0.814309 1
0.499317 1
0.126634 1
0.146555 1
1.435156 1
0.539153 1
0.154065 1
0.259091 1
0.257294 1
0.171701 1
0.283673 1
0.457536 1
0.079526 1
0.116971 1
0.175988 1
0.312969 2
4.648290 54
2.963539 1
0.204966 1
0.186776 1
0.305049 1
0.133696 1
0.143010 1
0.985882 1
0.398564 1
0.246008 1
0.339906 1
0.778430 1
0.708319 1
0.232245 1
0.627607 1
0.325140 1
0.461383 1
0.286315 1
0.193671 1
0.372573 1
1.871022 11
0.056333 54
0.592901 1
0.203326 1
0.122589 1
0.153508 1
0.189537 1
0.421097 1
1.589185 1
0.383541 1
0.128048 1
0.311761 1
0.560005 1
0.255067 1
0.251950 1
0.288076 1
0.408817 1
1.332265 1
0.159403 1
0.183255 1
0.697071 1
0.541413 1
0.102531 1
0.202778 1
0.228176 1
0.442656 1
1.369666 1
0.359884 1
0.139426 1
1.081522 11
0.012645 57
2.886253 1
0.487743 1
0.319540 1
0.173702 1
0.769947 17
3.277035 10
0.642389 1
0.248245 1
0.175151 1
0.150867 1
0.269019 2
0.000083 6
