0.004198 10
1.981769 1
0.179495 1
0.181024 1
0.205270 1
0.230599 1
0.112470 1
0.333032 1
0.327411 1
0.211212 1
0.109591 1
0.270471 1
0.210062 1
0.106930 1
2.911635 1
0.791602 1
0.390124 1
2.494622 1
0.120420 1
0.263103 1
0.288101 1
0.347201 1
0.242178 1
0.200843 1
0.186137 1
1.086390 1
1.192466 1
0.583499 1
0.519187 1
0.257211 1
0.203940 1
0.174326 1
0.463760 1
1.725517 2
1.365832 54
0.097205 51
1.775154 1
0.053776 1
0.120906 1
0.149015 1
0.117050 1
0.691479 1
0.349780 1
0.143859 1
1.392793 1
0.489298 1
0.304864 1
0.233744 1
0.280489 2
0.896857 1
0.141533 1
0.971848 1
1.041819 1
0.436905 1
0.114145 1
0.184362 1
0.208994 1
0.332016 5
0.848264 11
0.003992 75
0.001185 96
0.002681 431
3.855540 22
3.558664 18
0.000099 3
0.388715 19
0.500707 19
0.030062 18
0.000021 1
0.030074 19
0.029723 18
0.000065 1
0.030875 19
0.031076 19
0.029953 19
0.031479 19
0.030411 19
0.030507 19
0.030412 19
0.030221 21
0.030349 21
0.030439 21
0.030245 21
0.030599 6
0.000062 15
0.030519 6
0.000054 28
0.029930 21
0.030303 18
0.000043 3
0.030614 18
0.000068 3
0.029670 21
0.029802 21
0.029691 21
0.030386 18
0.000013 3
0.030533 19
3.375832 6
0.000238 66
0.000698 57
2.294867 17
3.019456 10
1.668475 6
