0.113293 10
1.710411 1
0.242583 1
0.184037 1
0.261719 1
0.198925 1
0.084054 1
0.272686 1
0.336046 1
0.326826 1
0.300552 1
0.268168 1
0.168721 1
1.322588 1
0.459915 1
0.221536 1
0.103464 1
1.374551 1
0.095957 1
0.647297 1
0.231339 1
0.147276 1
1.216078 1
0.705555 1
0.213937 1
0.112857 1
0.376085 1
0.313462 1
0.075142 1
0.484828 1
0.222805 1
0.133744 1
0.113598 1
0.202907 1
0.749245 2
0.134078 33
2.150937 1
0.079062 1
0.327886 1
0.257489 1
0.184504 1
0.803321 1
0.354912 1
0.235706 1
0.284876 1
1.478818 11
0.011789 16
1.055505 28
0.205749 29
0.471092 30
0.166415 31
0.485141 53
0.494957 55
0.531161 35
0.000420 34
1.798257 28
0.274619 29
0.089982 30
0.441914 48
0.893097 50
0.229727 51
0.191963 52
0.138475 53
0.209403 54
0.744601 55
0.190709 56
0.411013 57
0.180970 58
0.310718 59
0.351923 60
1.216867 44
0.000385 21
2.727743 28
0.200576 29
0.106837 30
0.328930 156
0.906125 158
0.186040 159
0.795774 160
0.219221 161
0.149909 162
0.819044 163
0.229510 164
0.399673 165
0.185451 166
0.342677 167
0.312200 168
0.323961 164
0.745415 166
0.336539 167
0.188199 168
0.722379 169
2.274255 49
0.000634 20
1.157683 169
0.338867 60
1.019820 44
0.000645 24
1.841740 2
0.001134 33
1.071436 11
0.000062 6
0.005796 10
9.313932 85
1.483323 2
0.478034 20
0.004226 2
0.000020 10
13.541234 127
2.645472 2
0.207417 76
0.001594 12
7.212134 127
0.485917 137
1.675191 2
0.013723 20
0.001790 2
0.000042 10
4.965745 1
0.235499 1
0.188627 1
0.153787 1
0.186795 1
0.450107 1
0.169408 1
1.832177 1
0.360814 1
0.283360 1
0.312269 1
0.123433 1
0.729220 1
0.715198 1
0.249863 1
0.761604 1
0.583528 1
0.102190 1
0.400204 1
0.295757 1
0.099247 1
1.356366 1
0.451154 1
0.233513 1
0.097768 1
0.606842 1
0.311523 1
0.082547 1
1.927284 1
0.336969 1
0.102278 1
0.145855 1
0.118004 1
0.639820 2
0.135716 33
0.591436 1
0.095921 1
0.328034 1
0.146492 1
0.144174 1
1.393942 1
1.636843 1
0.460379 1
0.221059 1
1.193676 3
0.208870 3
0.187112 3
0.171143 3
0.724825 1
0.287282 1
0.196764 1
0.233668 1
0.742396 2
0.000041 9
0.012312 16
3.007517 28
0.243053 29
0.124498 30
0.394261 48
0.817634 50
0.161671 51
0.149295 52
0.127153 53
0.189621 54
0.809069 55
0.286788 56
0.313594 57
0.232944 58
0.336085 59
0.283083 60
1.484763 44
0.000508 24
2.704143 28
0.296960 29
0.094277 30
0.813073 29
0.536136 30
0.366161 58
0.689199 60
0.176900 61
0.125743 62
0.123290 63
0.148575 64
0.884362 65
0.226762 66
0.238660 67
0.200642 68
0.271415 69
0.250671 70
3.393982 44
0.000542 29
4.371290 28
0.326039 29
0.376371 30
0.775594 29
0.567225 30
0.240178 31
0.414182 53
0.451848 55
0.540766 35
0.000462 31
2.346366 2
0.000177 33
0.980256 11
0.000081 6
0.004171 10
13.174083 85
1.360054 2
0.013640 17
0.001508 2
0.000036 10
10.534864 127
2.217194 1
0.499711 1
0.030132 1
0.030443 1
0.030597 1
0.030801 1
0.030263 1
0.030124 1
0.030718 1
0.030321 1
0.030605 1
0.031207 1
0.030289 1
0.030336 1
0.030471 1
0.030056 1
0.030337 1
0.031261 1
0.030101 1
0.030561 1
0.028830 1
0.030363 1
0.031085 1
0.029762 1
0.030319 1
0.030211 1
0.030280 1
0.030662 1
0.030753 1
0.030064 1
0.030763 1
0.030303 1
0.030211 1
0.029957 1
0.030100 1
0.029970 1
0.029809 1
0.030252 1
0.029829 1
0.030532 1
0.030028 1
0.030309 1
0.029457 1
0.030106 1
0.031304 1
0.029772 1
0.030368 1
0.030210 1
0.030831 1
0.029890 1
0.029280 1
0.030412 1
0.031177 1
0.030024 1
0.030093 1
0.030139 1
0.030673 1
0.030332 1
0.030445 1
0.029895 1
0.029736 1
0.030662 1
0.029512 1
0.029706 1
0.030190 1
0.030884 1
0.030349 1
0.030126 1
0.031326 1
0.030742 1
0.030842 1
0.030369 1
0.030508 1
0.031391 1
0.030341 1
0.029687 1
0.029684 1
0.030522 1
0.030197 1
0.030366 1
0.030448 1
0.031079 1
0.030399 1
0.029928 1
0.030897 1
0.030171 1
0.029966 1
0.030081 1
0.029877 1
0.029876 1
1.917297 5
0.956826 5
0.231966 3
0.499569 3
0.030077 3
0.030561 3
0.030471 3
0.030711 3
0.030376 3
0.029711 3
0.030195 3
0.030024 3
0.030258 3
0.030591 3
0.030864 3
0.030383 3
0.030367 3
0.030880 3
0.030244 3
0.030508 3
0.030197 3
0.030256 3
0.030256 3
0.030667 3
0.030338 3
0.030316 3
0.030638 3
0.029441 3
0.030460 3
0.029823 3
0.030828 3
0.030842 3
0.030568 3
0.029584 3
0.030508 3
0.030117 3
0.030939 3
0.030808 3
0.030727 3
0.030303 3
0.030730 3
0.030298 3
0.030464 3
0.030115 3
0.030499 3
0.030070 3
0.030113 3
0.029586 3
0.030553 3
0.030368 3
0.030255 3
0.030553 3
0.030986 3
0.030141 3
0.030696 3
0.030155 3
0.030614 3
0.030130 3
0.031183 3
0.029990 3
0.030128 3
0.030661 3
0.029985 3
0.030808 3
0.030822 3
0.030325 3
0.030032 3
0.030827 3
0.030783 3
0.030526 3
0.029981 3
0.030389 3
0.030486 3
0.030304 3
0.030726 3
0.030269 3
0.030388 3
0.029558 3
0.030497 3
0.030072 3
0.030197 3
0.030331 3
0.030726 3
0.029916 3
0.030507 3
0.030126 3
0.030628 3
0.029803 3
0.031249 3
0.030213 3
0.030158 3
0.030403 3
0.030676 1
0.030276 1
0.030372 1
1.581118 2
0.017966 78
0.001912 12
2.416719 129
0.510119 1
0.499578 1
0.030455 1
0.030685 1
0.029608 1
0.030029 1
0.030860 1
0.030328 1
0.029750 1
0.030275 1
0.029783 1
0.029886 1
0.030643 1
0.030329 1
0.029284 1
0.029594 1
0.029940 1
0.030265 1
0.029885 1
0.030497 1
0.030722 1
0.029398 1
0.030579 1
0.029810 1
0.030254 1
0.030782 1
0.029324 1
0.030454 1
0.029869 1
0.029972 1
0.030215 1
0.030053 1
0.030199 1
0.030515 1
0.030125 1
0.030350 1
0.030271 1
0.029691 1
0.030211 1
0.030262 1
0.030219 1
0.031024 1
0.030651 1
0.244793 137
1.275236 2
0.013229 17
0.001422 2
0.000045 10
1.154906 85
0.625558 176
0.370184 1
0.500702 1
0.030006 1
0.030500 1
0.030395 1
0.030860 1
0.030212 1
0.031117 1
0.029868 1
0.030211 1
0.030430 1
0.030138 1
0.029560 1
0.030383 1
0.029308 1
0.030432 1
0.029985 1
0.030454 1
0.030710 1
0.029825 1
0.030464 1
0.030772 1
0.029948 1
0.030763 1
0.030226 1
0.030099 1
0.029895 1
0.031009 1
0.030338 1
0.030069 1
0.030148 1
0.030487 1
0.030418 1
0.029716 1
0.031196 1
0.029676 1
0.030499 1
0.030975 1
0.029108 1
0.029877 1
0.030306 1
0.030464 1
0.030550 1
0.029676 1
0.030927 1
0.031017 1
0.030110 1
0.029745 1
0.030243 1
0.030401 1
0.030581 1
0.030595 1
0.030636 1
0.029859 1
0.029536 1
0.030997 1
0.030189 1
0.030504 1
0.030681 1
0.029638 1
0.030687 1
0.029472 1
0.030171 1
0.029941 1
0.030212 1
0.030261 1
0.029647 1
0.031144 1
0.030616 1
0.029758 1
0.030062 1
0.029835 1
0.029805 1
0.030352 1
0.029748 1
0.030180 1
0.029414 1
0.030004 1
0.030504 1
0.030544 1
0.029871 1
0.030786 1
0.030166 1
0.030754 1
0.030310 1
0.030860 1
0.029908 1
0.030804 1
0.030529 1
0.030069 1
0.030164 1
0.031695 1
0.343313 3
0.175683 3
0.625313 5
0.340092 5
0.962693 2
0.018299 78
0.002761 12
0.997010 129
0.762429 137
1.242385 2
0.013336 17
0.001463 2
0.000056 10
1.678788 85
0.424296 176
0.065680 137
1.039929 176
0.524406 1
0.499844 1
0.030360 1
0.030844 1
0.030820 1
0.030317 1
0.030799 1
0.030262 1
0.030186 1
0.030611 1
0.030663 1
0.030341 1
0.030238 1
0.030583 1
0.030674 1
0.030327 1
0.031108 1
0.030214 1
0.030732 1
0.030800 1
0.030169 1
0.031336 1
0.029814 1
0.030288 1
0.030545 1
0.030061 1
0.030382 1
0.030236 1
0.030449 1
0.030464 1
0.030324 1
0.030771 1
0.030380 1
0.029677 1
0.030165 1
0.029642 1
0.029940 1
0.031152 1
0.029892 1
0.030589 1
0.031051 1
0.030697 1
0.030602 1
0.029759 1
0.030688 1
0.030841 1
0.030191 1
0.030087 1
0.030064 1
0.030630 1
0.030498 1
0.030256 1
0.029925 1
0.030033 1
0.029910 1
0.030078 1
0.030060 1
0.030873 1
0.029844 1
0.029740 1
0.030106 1
0.029785 1
0.030026 1
0.029852 1
0.030407 1
0.030315 1
0.031029 1
0.031151 1
0.030908 1
0.030578 1
0.029476 1
0.030123 1
0.030067 1
0.029703 1
0.030713 1
0.030001 1
0.030018 1
0.030048 1
0.030438 1
0.030406 1
0.030375 1
0.030117 1
0.029831 1
0.030092 1
0.030169 1
0.030451 1
0.030522 1
0.029729 1
0.030268 1
0.030206 1
0.030700 1
0.030864 1
0.264834 3
0.197987 3
0.573595 5
0.299785 5
0.649154 2
0.018199 78
0.001348 2
0.000068 10
0.837869 129
0.285937 137
1.572318 2
0.013643 17
0.001345 2
0.000058 10
1.857891 6
