0.003869 10
1.000115 1
0.287164 1
0.751316 1
0.307478 1
0.141092 1
0.135562 1
0.818064 1
0.243136 1
0.185763 1
0.121241 1
0.249316 1
0.211239 1
0.144300 1
0.988686 1
0.542457 1
0.153536 1
1.320369 1
0.123463 1
0.174178 1
0.364047 1
0.464061 1
0.224875 1
0.236557 1
0.202520 1
1.174671 1
1.371990 1
0.368818 1
0.237395 1
0.550367 1
0.299712 1
0.216646 1
0.384936 1
0.685904 2
1.138025 54
0.108817 51
0.971599 1
0.194492 1
0.337203 1
0.427202 1
0.296383 1
0.099052 1
0.037745 1
0.115890 1
0.219255 1
0.433650 3
0.223361 3
0.219103 3
0.198357 3
0.564959 1
0.121011 1
0.341890 1
0.135084 1
0.257668 1
0.168734 1
0.227280 1
0.295379 1
0.156167 1
0.173104 1
0.311473 1
0.326508 11
0.435889 29
0.189655 29
0.009499 29
0.078803 58
0.597099 60
0.004375 60
0.998846 60
0.012725 30
0.038109 60
0.049217 60
0.024342 60
0.001325 60
0.002660 60
0.013469 60
0.016768 60
0.011522 60
0.000292 60
0.007409 33
0.014992 64
0.044136 66
0.171400 141
0.364215 54
0.000457 142
0.000583 74
0.000962 64
0.002137 175
0.095818 47
0.000613 132
0.000695 72
0.001121 70
0.002283 42
0.000989 14
0.013090 66
0.013931 135
1.601713 2
0.013858 22
0.500685 34
0.036819 182
0.501124 46
0.499252 46
0.499495 46
0.500070 47
0.499102 48
0.499462 48
0.417496 62
0.382625 166
0.499083 44
0.499498 44
0.321808 218
0.212853 262
0.075404 269
0.004054 264
0.103912 340
0.032804 349
0.499405 83
0.268277 356
0.002284 355
0.090015 343
0.099312 260
0.000067 83
0.199758 339
0.497558 367
0.003589 358
0.098142 358
0.300245 358
0.007486 338
0.499748 83
0.294315 352
0.005097 345
0.404859 363
0.000587 364
0.099589 192
0.303704 75
0.043787 16
0.307564 23
0.001218 337
0.001127 26
0.001129 26
0.000597 26
0.000369 26
0.000219 26
0.000304 26
0.000577 99
0.000847 171
0.283941 103
0.078341 77
2.100541 45
0.010248 58
0.452990 53
0.129854 103
0.135975 103
4.076009 73
0.000955 337
0.001020 26
0.001237 26
0.000699 26
0.000340 26
0.000319 26
0.000287 26
0.000581 99
0.000809 68
0.000157 45
0.000117 58
0.670585 43
0.315768 103
5.717700 58
0.001311 168
0.246743 42
1.052777 103
1.931365 55
0.000993 71
0.000167 103
0.312154 48
0.588149 103
3.117836 64
0.001245 179
0.655652 57
0.361656 103
1.349176 61
0.001095 73
0.000134 103
0.333628 54
0.513283 103
1.946859 61
0.001189 172
0.234504 50
0.517478 103
1.983870 58
0.001431 173
0.234927 51
0.470833 103
2.630265 65
0.001606 180
0.224384 58
0.258606 103
0.801450 62
0.001975 177
0.902927 55
0.305206 103
0.895558 59
0.001195 70
0.000296 103
0.145657 51
0.980182 103
0.546924 55
0.001074 71
0.000067 45
0.000053 56
0.000039 2
0.168066 48
0.274041 103
1.531261 59
0.001205 67
0.000027 103
0.134528 48
0.214595 103
0.475951 68
0.001084 86
0.000011 103
0.441890 67
0.650218 103
0.771828 59
0.000797 77
0.000040 103
0.158284 58
0.631813 103
1.505600 57
0.001092 78
0.000139 103
0.168370 59
0.225088 103
1.768623 57
0.001211 188
0.133507 66
0.192986 103
1.676844 57
0.001165 66
0.000149 103
0.157787 47
0.249874 103
1.020336 60
0.001059 72
0.000189 101
0.000053 2
0.860577 53
0.250439 103
0.612704 47
0.000861 168
0.123168 40
0.215162 103
1.572042 57
0.001111 82
0.000174 103
0.134366 59
0.192634 103
1.813221 65
0.001160 128
0.000026 58
0.218510 64
0.244144 103
0.544893 51
0.171711 103
0.193749 103
0.246766 49
0.454302 103
0.238673 103
0.135579 65
0.180436 103
0.185806 103
0.129822 52
0.147096 103
0.169134 103
0.157585 56
0.192161 103
0.174376 103
0.170275 49
0.158149 103
0.148706 103
0.446336 60
0.318427 103
0.216980 103
0.582455 58
0.767001 103
0.777954 103
0.844128 68
0.618188 103
0.717146 103
0.202564 67
0.124871 103
0.148485 103
0.124856 55
0.135976 103
0.135471 103
0.124906 59
0.606239 103
0.306885 103
0.925556 52
0.134858 103
0.148683 103
0.159141 44
0.307179 103
0.160697 103
0.146930 49
0.159443 103
0.953458 103
0.148080 60
0.158038 103
0.159643 103
0.148228 43
0.170763 103
0.760459 250
0.001915 533
0.745729 44
1.088762 29
0.430153 103
0.840737 59
0.308186 103
0.157500 48
0.159913 103
0.159189 103
0.833657 54
0.182954 103
0.147306 103
0.159089 41
0.159672 103
0.182575 103
0.205129 56
1.437087 159
0.129134 44
0.516181 78
0.002672 7
0.002426 103
0.314872 20
0.083424 54
23.188163 1
0.140239 1
0.207263 1
0.127933 1
0.233972 1
1.677722 1
0.278554 1
0.844482 1
0.652574 1
0.932837 1
0.277388 1
0.172679 1
0.145178 1
0.651070 1
0.307451 1
0.441221 1
0.196830 1
0.602943 1
0.198830 1
0.400560 1
0.548907 1
0.371013 1
0.194914 1
0.157378 1
1.373468 1
0.420439 1
0.155108 1
0.177093 1
0.562835 1
0.339196 1
0.256791 1
0.268676 1
0.304386 1
0.153256 1
0.079763 1
0.743424 1
0.803357 1
0.235471 1
0.341794 1
0.300271 1
0.718709 1
0.796380 1
1.289623 3
0.554781 1
0.915936 1
0.336138 1
1.700471 1
0.223345 1
0.594225 1
0.519615 1
0.157842 1
0.622704 1
0.106837 1
0.124591 1
0.213767 3
3.458577 116
0.837364 63
0.119344 13
0.500427 47
0.089060 218
0.000036 60
0.193923 91
0.035369 25
0.073467 25
0.059713 130
0.041649 13
0.070850 29
0.005115 29
0.273036 29
0.009149 29
0.072351 58
0.590598 60
0.004168 30
0.000124 30
0.014110 60
0.025009 30
0.014328 60
0.046187 60
0.023675 60
0.001457 60
0.002389 60
0.013537 60
0.017060 60
0.011273 60
0.000231 60
0.007732 33
0.020546 29
0.050863 29
0.007782 29
0.069697 58
0.590618 60
0.003995 60
0.014008 60
0.024885 30
0.014473 60
0.046054 60
0.023911 60
0.001265 60
0.002429 60
0.013313 60
0.016947 60
0.011236 60
0.000289 60
0.007221 33
0.014489 64
0.045304 66
0.173829 70
0.013763 70
0.032888 160
0.340022 125
0.001598 63
0.000351 35
0.002289 209
0.040440 47
0.000272 72
0.000715 59
0.001585 64
0.016873 66
0.024173 104
0.012644 13
0.500514 25
0.225433 149
0.500298 34
0.456206 47
0.268147 156
0.073211 234
0.500357 41
0.043708 243
0.500370 39
0.500923 39
0.028350 199
0.000132 184
0.196735 215
0.107358 216
0.497775 223
0.194810 213
0.500320 31
0.305702 234
0.092916 234
0.301956 217
0.313304 74
0.001484 247
0.181656 316
0.500064 74
0.203342 322
0.000731 328
0.001108 183
0.167448 75
0.365539 74
0.001097 337
0.001237 26
0.000679 26
0.000817 26
0.000541 26
0.000383 26
0.000314 26
0.000608 100
0.000792 59
0.095896 39
0.495160 40
1.663632 82
0.001066 337
0.000872 26
0.000987 26
0.000949 26
0.000535 26
0.000401 26
0.000292 26
0.000577 100
0.000803 69
0.106129 46
1.699570 65
0.001065 71
0.285685 136
0.158168 140
0.079691 138
0.078900 142
0.076076 52
1.685052 62
0.001155 74
0.157763 55
1.113296 63
0.001098 74
0.472893 51
0.785043 51
0.001000 67
0.169367 42
3.158841 58
0.000891 66
0.135312 47
1.048483 51
0.000891 67
0.093865 42
0.442006 55
0.001173 71
0.088105 46
0.970741 47
0.001143 63
0.110793 38
0.687495 59
0.001043 74
0.112093 49
1.897346 53
0.001039 69
0.134824 44
0.712541 49
0.001138 65
0.134473 40
2.025808 51
0.001145 67
0.158325 42
1.826419 49
0.001256 63
0.145532 40
0.736391 54
0.001023 68
0.158256 45
1.789337 58
0.001189 74
0.158269 49
1.749992 48
0.385289 50
0.532643 52
0.395775 56
1.448493 46
0.568393 47
0.505771 47
1.327540 53
0.465428 43
0.700283 39
1.607397 45
1.394092 41
1.245667 43
0.642556 43
0.649280 41
1.310967 50
0.834672 57
1.713235 13
0.500664 74
0.208230 278
0.000093 260
0.089172 47
0.071719 47
0.072211 159
0.078992 47
0.027837 180
0.001235 84
0.064413 25
0.026966 117
0.079361 26
0.096404 146
0.025188 50
0.000609 27
0.007718 93
0.007358 29
0.078994 29
0.007298 58
0.008904 29
0.069680 29
0.000054 29
0.594524 60
0.004280 60
0.014119 60
0.017070 30
0.022515 60
0.046499 60
0.023537 60
0.001266 60
0.002466 60
0.013464 60
0.016814 60
0.011314 60
0.000238 60
0.007578 33
0.015677 70
0.001639 88
0.001121 90
0.001350 96
0.000442 57
14.167173 1
0.283313 1
0.289506 1
0.226374 1
0.839948 1
0.169172 1
0.184664 1
0.176622 1
0.116691 1
0.406670 1
0.181310 1
0.229059 1
0.765639 1
1.158176 1
0.151482 1
0.736803 1
0.174109 1
0.203390 1
0.218217 1
0.678229 1
0.279908 1
1.198666 11
0.008717 29
0.060062 29
0.004427 58
0.008331 29
0.069719 58
0.613312 60
0.004323 60
0.013945 60
0.008793 30
0.030769 60
0.046693 60
0.024352 60
0.001470 60
0.002557 60
0.013447 60
0.016917 60
0.011688 90
0.000028 30
0.007434 33
0.018732 64
0.048058 66
0.176583 140
0.370830 54
0.000734 74
0.000309 58
0.000250 29
0.002138 118
0.064209 47
0.001114 74
0.000354 65
0.000354 29
0.018295 66
0.004767 103
0.020198 22
0.471990 211
0.113011 260
0.500807 83
0.500192 83
0.500474 83
0.500829 83
0.500352 83
0.500756 83
0.500632 83
0.500795 83
0.424614 116
0.297586 216
0.399729 388
0.500445 83
0.500478 83
0.500183 83
0.500409 83
0.500426 83
0.499943 83
0.500330 83
0.499996 83
0.500366 83
0.500684 83
0.500478 83
0.500507 83
0.500206 83
0.500472 83
0.500402 83
0.500495 83
0.500345 83
0.500158 83
0.290818 354
0.091631 401
0.008006 390
0.094765 411
0.500582 73
0.402468 361
0.500407 83
0.500358 83
0.500327 83
0.500674 83
0.500623 83
0.500124 83
0.500045 83
0.500686 83
0.500423 83
0.500181 83
0.500584 83
0.500165 83
0.500395 83
0.500490 83
0.086535 418
0.500404 78
0.500382 78
0.500562 78
0.500563 78
0.018483 83
0.070296 274
0.003201 414
0.099656 83
0.500790 83
0.500007 83
0.500116 83
0.500738 83
0.500241 83
0.500640 83
0.500070 83
0.500539 83
0.500711 83
0.500027 83
0.500435 83
0.500434 83
0.500336 83
0.500060 83
0.500238 83
0.500506 83
0.500243 83
0.500731 83
0.500411 83
0.500427 83
0.500346 83
0.500501 83
0.500188 83
0.500091 83
0.500719 83
0.500795 83
0.500343 83
0.500300 83
0.500506 83
0.500123 83
0.500554 83
0.500783 83
0.500561 83
0.500066 83
0.500635 83
0.500447 83
0.500637 83
0.500562 83
0.500640 83
0.500226 83
0.500477 83
0.500301 83
0.500603 83
0.500388 83
0.500092 83
0.500836 83
0.499793 83
0.500255 83
0.500547 83
0.500121 83
0.500605 83
0.500345 83
0.500075 83
0.500074 83
0.500549 83
0.500361 83
0.500286 83
0.500142 83
0.500457 83
0.500574 83
0.500376 83
0.500216 83
0.500264 83
0.500582 83
0.500521 83
0.500247 83
0.500446 83
0.500339 83
0.500627 83
0.500119 83
0.500378 83
0.500520 83
0.500591 83
0.500353 83
0.500459 83
0.500385 83
0.500319 83
0.500044 83
0.500528 83
0.500628 83
0.500389 83
0.500645 83
0.500429 83
0.500724 83
0.500546 83
0.500599 83
0.500099 83
0.500220 83
0.500299 83
0.500407 83
0.500858 83
0.500408 83
0.500667 83
0.341475 198
0.208542 75
0.063622 16
0.558537 93
0.000893 73
0.000191 264
0.001154 26
0.000440 26
0.001054 26
0.000664 26
0.000464 26
0.000357 26
0.000602 99
0.000788 79
0.000186 45
0.002152 161
0.080286 63
0.190081 103
0.549342 58
0.001358 66
0.111613 103
0.101465 50
0.169608 103
1.300092 61
0.001316 76
0.000120 101
0.000020 2
0.128649 54
0.252964 103
0.463786 64
0.272546 103
0.823429 103
0.134773 51
0.135301 103
0.135688 103
0.142495 55
0.159202 103
1.113424 103
1.566958 81
0.001153 77
0.000479 260
0.001069 26
0.000540 26
0.000993 26
0.000660 26
0.000402 26
0.000369 26
0.000618 99
0.000848 73
0.000146 103
0.127990 49
0.193516 103
0.544251 54
0.001167 58
0.000108 103
0.341052 36
0.822116 103
0.806593 50
0.001407 51
0.000121 103
0.157466 29
0.893423 103
0.880396 49
0.001354 172
0.542178 47
0.709543 103
0.697737 69
0.001500 80
0.000088 103
0.697875 62
0.691781 103
1.479797 53
0.001586 70
0.000123 103
0.157978 46
0.249689 103
1.255712 66
0.001288 75
0.000017 45
0.000056 58
0.180531 57
0.215154 103
0.453426 50
0.135682 103
0.320678 103
1.692548 73
0.001307 284
0.000152 53
0.001166 26
0.000679 26
0.001082 26
0.000927 26
0.000497 26
0.000389 26
0.000669 99
0.000829 63
0.000239 103
0.154086 41
0.247286 103
1.499021 49
0.001376 67
0.000046 103
0.170395 45
3.625782 103
2.703955 37
2.011458 103
0.800975 103
0.112304 48
0.123724 103
1.289009 250
0.000626 533
0.118763 427
199.230227 1
1.003075 4
0.003899 69
0.001445 198
0.000062 750
0.000146 514
0.000078 7
1.753423 1227
0.010572 425
0.997268 499
0.000298 11
8.132992 1
1.153862 1
0.507994 1
0.896807 2
0.000020 2
0.063035 48
0.027255 169
0.104621 103
0.075653 30
0.470271 103
0.104066 103
0.085928 63
0.089352 103
0.101509 103
0.101860 47
0.101667 103
2.957608 103
0.114229 58
0.135900 103
0.502426 103
0.603223 42
0.180441 103
0.164707 103
0.332178 103
0.128611 46
0.135021 103
0.317744 103
0.121889 56
1.572284 20
0.167256 54
2.062259 1
0.137117 1
0.172306 1
0.209300 1
0.223389 1
0.887332 1
0.480444 1
0.868748 3
0.423134 1
0.099736 1
0.404702 2
0.815267 1
0.232368 1
0.486213 1
0.626474 1
0.446297 1
0.135891 1
0.391891 1
1.128566 1
0.459667 1
0.111503 1
0.181961 7
1.011936 11
0.391346 13
0.010684 57
4.770080 17
5.848372 10
1.330021 6
